[[0.0]]
[[0.0]]
[[0.0]]
[[0.0]]
[[0.0]]
[[-0.00043520473991520703]]
[[-0.11860539764165878]]
[[-0.030459867790341377]]
[[0.001168810180388391]]
[[0.0]]
[[-0.0074611203745007515]]
[[-0.19680142402648926]]
[[0.18339410424232483]]
[[0.007586157415062189]]
[[0.0]]
[[-0.001722616027109325]]
[[0.03379269316792488]]
[[0.1885642409324646]]
[[0.0007020019693300128]]
[[0.0]]
[[0.0]]
[[0.0]]
[[0.000567419221624732]]
[[0.00022825387713965029]]
[[-0.10146062821149826]]
[[-0.9663919806480408]]
[[-0.006071189418435097]]
[[1.0591577291488647]]
[[0.12787210941314697]]
