distance_line
TrapezoidalMembFunc -100 -100 -1.4249999523162842 -0.8250141739845276
TrapezoidalMembFunc -1.4249999523162842 -0.8250141739845276 -0.6787506937980652 -0.07752317190170288
TrapezoidalMembFunc -0.6787506937980652 -0.07752317190170288 0.07752317190170288 0.6787506937980652
TrapezoidalMembFunc 0.07752317190170288 0.6787506937980652 0.8250141739845276 1.4249999523162842
TrapezoidalMembFunc 0.8250141739845276 1.4249999523162842 100 100
theta_far
TrapezoidalMembFunc -100 -100 -1.7100000381469727 -0.9899880886077881
TrapezoidalMembFunc -1.7100000381469727 -0.9899880886077881 -0.8100000023841858 -0.09000000357627869
TrapezoidalMembFunc -0.8100000023841858 -0.09000000357627869 0.09000000357627869 0.8100000023841858
TrapezoidalMembFunc 0.09000000357627869 0.8100000023841858 0.9899880886077881 1.7100000381469727
TrapezoidalMembFunc 0.9899880886077881 1.7100000381469727 100 100
theta_near
TrapezoidalMembFunc -100 -100 -1.710111141204834 -0.9906172156333923
TrapezoidalMembFunc -1.710111141204834 -0.9906172156333923 -0.8055500984191895 -0.08755742758512497
TrapezoidalMembFunc -0.8055500984191895 -0.08755742758512497 0.08755742758512497 0.8055500984191895
TrapezoidalMembFunc 0.08755742758512497 0.8055500984191895 0.9906172156333923 1.710111141204834
TrapezoidalMembFunc 0.9906172156333923 1.710111141204834 100 100
theta_lookahead
TrapezoidalMembFunc -100 -100 -1.7418186664581299 -1.0116455554962158
TrapezoidalMembFunc -1.7418186664581299 -1.0116455554962158 -0.5793231725692749 -0.016127899289131165
TrapezoidalMembFunc -0.5793231725692749 -0.016127899289131165 0.016127899289131165 0.5793231725692749
TrapezoidalMembFunc 0.016127899289131165 0.5793231725692749 1.0116455554962158 1.7418186664581299
TrapezoidalMembFunc 1.0116455554962158 1.7418186664581299 100 100
distance
TrapezoidalMembFunc 0 0 0.47920793294906616 0.7455383539199829
TrapezoidalMembFunc 0.47920793294906616 0.7455383539199829 100 100
