distance_line
TrapezoidalMembFunc -100 -100 -1.9470000267028809 -1.2515000104904175
TrapezoidalMembFunc -1.9470000267028809 -1.2515000104904175 -0.5516740083694458 -0.05000000074505806
TrapezoidalMembFunc -0.5516740083694458 -0.05000000074505806 0.05000000074505806 0.5516740083694458
TrapezoidalMembFunc 0.05000000074505806 0.5516740083694458 1.2515000104904175 1.9470000267028809
TrapezoidalMembFunc 1.2515000104904175 1.9470000267028809 100 100
theta_far
TrapezoidalMembFunc -3.1500000953674316 -3.1500000953674316 -2.354099988937378 -1.2871499061584473
TrapezoidalMembFunc -2.354099988937378 -1.2871499061584473 -1.159000039100647 -0.13510000705718994
TrapezoidalMembFunc -1.159000039100647 -0.13510000705718994 0.13510000705718994 1.159000039100647
TrapezoidalMembFunc 0.13510000705718994 1.159000039100647 1.2871499061584473 2.354099988937378
TrapezoidalMembFunc 1.2871499061584473 2.354099988937378 3.1500000953674316 3.1500000953674316
theta_near
TrapezoidalMembFunc -3.1500000953674316 -3.1500000953674316 -1.7259999513626099 -1.0347000360488892
TrapezoidalMembFunc -1.7259999513626099 -1.0347000360488892 -0.9309902191162109 -0.0406792052090168
TrapezoidalMembFunc -0.9309902191162109 -0.0406792052090168 0.0406792052090168 0.9309902191162109
TrapezoidalMembFunc 0.0406792052090168 0.9309902191162109 1.0347000360488892 1.7259999513626099
TrapezoidalMembFunc 1.0347000360488892 1.7259999513626099 3.1500000953674316 3.1500000953674316
